
dgetri in has 361 rows and 8 columns.
  361.00000    -1.00000    -0.33210     0.00000     0.00000    -2.00000     2.00000    -2.00000
   -0.00277   181.00000    -1.00000     0.00000     0.00000     0.00000    -2.00000     2.00000
    0.00277     1.50139   181.00000    -1.00000    -0.00000     0.00000     2.00000    -2.00000
   -0.00277     0.33210     1.50139   181.00000    -1.00000    -0.00000     0.00000     2.00000
    0.00277    -0.33210    -2.00000     1.50139   181.00000    -1.00000    -0.00000    -2.00000
   -0.00277     0.33210    -0.00000    -2.00000     1.50139   181.00000    -1.00000    -0.00000
    0.00277    -0.33210     0.00000     2.00000    -2.00000     1.50139   181.00000    -1.00000
   -0.00277     0.33210     0.00000    -0.00000     2.00000    -2.00000     1.50139   181.00000
