
fresh has 8 rows and 8 columns.
  361.00000    -1.00000     1.00000    -1.00000     1.00000    -1.00000     1.00000    -1.00000
   -1.00000   181.00000    -1.00000     1.00000    -1.00000     1.00000    -1.00000     1.00000
    1.00000    -1.00000   181.00000    -1.00000     1.00000    -1.00000     1.00000    -1.00000
   -1.00000     1.00000    -1.00000   181.00000    -1.00000     1.00000    -1.00000     1.00000
    1.00000    -1.00000     1.00000    -1.00000   181.00000    -1.00000     1.00000    -1.00000
   -1.00000     1.00000    -1.00000     1.00000    -1.00000   181.00000    -1.00000     1.00000
    1.00000    -1.00000     1.00000    -1.00000     1.00000    -1.00000   181.00000    -1.00000
   -1.00000     1.00000    -1.00000     1.00000    -1.00000     1.00000    -1.00000   181.00000
