
A matrix has 361 rows and 8 columns.
    1.00000    -1.00000     1.00000    -1.00000     1.00000    -1.00000     1.00000    -1.00000
    1.00000    -0.99985     0.99939    -0.99863     0.99756    -0.99619     0.99452    -0.99255
    1.00000    -0.99939     0.99756    -0.99452     0.99027    -0.98481     0.97815    -0.97030
    1.00000    -0.99863     0.99452    -0.98769     0.97815    -0.96593     0.95106    -0.93358
    1.00000    -0.99756     0.99027    -0.97815     0.96126    -0.93969     0.91355    -0.88295
    1.00000    -0.99619     0.98481    -0.96593     0.93969    -0.90631     0.86603    -0.81915
    1.00000    -0.99452     0.97815    -0.95106     0.91355    -0.86603     0.80902    -0.74314
    1.00000    -0.99255     0.97030    -0.93358     0.88295    -0.81915     0.74314    -0.65606
    1.00000    -0.99027     0.96126    -0.91355     0.84805    -0.76604     0.66913    -0.55919
    1.00000    -0.98769     0.95106    -0.89101     0.80902    -0.70711     0.58779    -0.45399
    1.00000    -0.98481     0.93969    -0.86603     0.76604    -0.64279     0.50000    -0.34202
    1.00000    -0.98163     0.92718    -0.83867     0.71934    -0.57358     0.40674    -0.22495
    1.00000    -0.97815     0.91355    -0.80902     0.66913    -0.50000     0.30902    -0.10453
    1.00000    -0.97437     0.89879    -0.77715     0.61566    -0.42262     0.20791     0.01745
    1.00000    -0.97030     0.88295    -0.74314     0.55919    -0.34202     0.10453     0.13917
    1.00000    -0.96593     0.86603    -0.70711     0.50000    -0.25882    -0.00000     0.25882
    1.00000    -0.96126     0.84805    -0.66913     0.43837    -0.17365    -0.10453     0.37461
    1.00000    -0.95630     0.82904    -0.62932     0.37461    -0.08716    -0.20791     0.48481
    1.00000    -0.95106     0.80902    -0.58779     0.30902     0.00000    -0.30902     0.58779
    1.00000    -0.94552     0.78801    -0.54464     0.24192     0.08716    -0.40674     0.68200
    1.00000    -0.93969     0.76604    -0.50000     0.17365     0.17365    -0.50000     0.76604
    1.00000    -0.93358     0.74314    -0.45399     0.10453     0.25882    -0.58779     0.83867
    1.00000    -0.92718     0.71934    -0.40674     0.03490     0.34202    -0.66913     0.89879
    1.00000    -0.92050     0.69466    -0.35837    -0.03490     0.42262    -0.74314     0.94552
    1.00000    -0.91355     0.66913    -0.30902    -0.10453     0.50000    -0.80902     0.97815
    1.00000    -0.90631     0.64279    -0.25882    -0.17365     0.57358    -0.86603     0.99619
    1.00000    -0.89879     0.61566    -0.20791    -0.24192     0.64279    -0.91355     0.99939
    1.00000    -0.89101     0.58779    -0.15643    -0.30902     0.70711    -0.95106     0.98769
    1.00000    -0.88295     0.55919    -0.10453    -0.37461     0.76604    -0.97815     0.96126
    1.00000    -0.87462     0.52992    -0.05234    -0.43837     0.81915    -0.99452     0.92050
    1.00000    -0.86603     0.50000     0.00000    -0.50000     0.86603    -1.00000     0.86603
    1.00000    -0.85717     0.46947     0.05234    -0.55919     0.90631    -0.99452     0.79864
    1.00000    -0.84805     0.43837     0.10453    -0.61566     0.93969    -0.97815     0.71934
    1.00000    -0.83867     0.40674     0.15643    -0.66913     0.96593    -0.95106     0.62932
    1.00000    -0.82904     0.37461     0.20791    -0.71934     0.98481    -0.91355     0.52992
    1.00000    -0.81915     0.34202     0.25882    -0.76604     0.99619    -0.86603     0.42262
    1.00000    -0.80902     0.30902     0.30902    -0.80902     1.00000    -0.80902     0.30902
    1.00000    -0.79864     0.27564     0.35837    -0.84805     0.99619    -0.74314     0.19081
    1.00000    -0.78801     0.24192     0.40674    -0.88295     0.98481    -0.66913     0.06976
    1.00000    -0.77715     0.20791     0.45399    -0.91355     0.96593    -0.58779    -0.05234
    1.00000    -0.76604     0.17365     0.50000    -0.93969     0.93969    -0.50000    -0.17365
    1.00000    -0.75471     0.13917     0.54464    -0.96126     0.90631    -0.40674    -0.29237
    1.00000    -0.74314     0.10453     0.58779    -0.97815     0.86603    -0.30902    -0.40674
    1.00000    -0.73135     0.06976     0.62932    -0.99027     0.81915    -0.20791    -0.51504
    1.00000    -0.71934     0.03490     0.66913    -0.99756     0.76604    -0.10453    -0.61566
    1.00000    -0.70711    -0.00000     0.70711    -1.00000     0.70711     0.00000    -0.70711
    1.00000    -0.69466    -0.03490     0.74314    -0.99756     0.64279     0.10453    -0.78801
    1.00000    -0.68200    -0.06976     0.77715    -0.99027     0.57358     0.20791    -0.85717
    1.00000    -0.66913    -0.10453     0.80902    -0.97815     0.50000     0.30902    -0.91355
    1.00000    -0.65606    -0.13917     0.83867    -0.96126     0.42262     0.40674    -0.95630
    1.00000    -0.64279    -0.17365     0.86603    -0.93969     0.34202     0.50000    -0.98481
    1.00000    -0.62932    -0.20791     0.89101    -0.91355     0.25882     0.58779    -0.99863
    1.00000    -0.61566    -0.24192     0.91355    -0.88295     0.17365     0.66913    -0.99756
    1.00000    -0.60182    -0.27564     0.93358    -0.84805     0.08716     0.74314    -0.98163
    1.00000    -0.58779    -0.30902     0.95106    -0.80902    -0.00000     0.80902    -0.95106
    1.00000    -0.57358    -0.34202     0.96593    -0.76604    -0.08716     0.86603    -0.90631
    1.00000    -0.55919    -0.37461     0.97815    -0.71934    -0.17365     0.91355    -0.84805
    1.00000    -0.54464    -0.40674     0.98769    -0.66913    -0.25882     0.95106    -0.77715
    1.00000    -0.52992    -0.43837     0.99452    -0.61566    -0.34202     0.97815    -0.69466
    1.00000    -0.51504    -0.46947     0.99863    -0.55919    -0.42262     0.99452    -0.60182
    1.00000    -0.50000    -0.50000     1.00000    -0.50000    -0.50000     1.00000    -0.50000
    1.00000    -0.48481    -0.52992     0.99863    -0.43837    -0.57358     0.99452    -0.39073
    1.00000    -0.46947    -0.55919     0.99452    -0.37461    -0.64279     0.97815    -0.27564
    1.00000    -0.45399    -0.58779     0.98769    -0.30902    -0.70711     0.95106    -0.15643
    1.00000    -0.43837    -0.61566     0.97815    -0.24192    -0.76604     0.91355    -0.03490
    1.00000    -0.42262    -0.64279     0.96593    -0.17365    -0.81915     0.86603     0.08716
    1.00000    -0.40674    -0.66913     0.95106    -0.10453    -0.86603     0.80902     0.20791
    1.00000    -0.39073    -0.69466     0.93358    -0.03490    -0.90631     0.74314     0.32557
    1.00000    -0.37461    -0.71934     0.91355     0.03490    -0.93969     0.66913     0.43837
    1.00000    -0.35837    -0.74314     0.89101     0.10453    -0.96593     0.58779     0.54464
    1.00000    -0.34202    -0.76604     0.86603     0.17365    -0.98481     0.50000     0.64279
    1.00000    -0.32557    -0.78801     0.83867     0.24192    -0.99619     0.40674     0.73135
    1.00000    -0.30902    -0.80902     0.80902     0.30902    -1.00000     0.30902     0.80902
    1.00000    -0.29237    -0.82904     0.77715     0.37461    -0.99619     0.20791     0.87462
    1.00000    -0.27564    -0.84805     0.74314     0.43837    -0.98481     0.10453     0.92718
    1.00000    -0.25882    -0.86603     0.70711     0.50000    -0.96593     0.00000     0.96593
    1.00000    -0.24192    -0.88295     0.66913     0.55919    -0.93969    -0.10453     0.99027
    1.00000    -0.22495    -0.89879     0.62932     0.61566    -0.90631    -0.20791     0.99985
    1.00000    -0.20791    -0.91355     0.58779     0.66913    -0.86603    -0.30902     0.99452
    1.00000    -0.19081    -0.92718     0.54464     0.71934    -0.81915    -0.40674     0.97437
    1.00000    -0.17365    -0.93969     0.50000     0.76604    -0.76604    -0.50000     0.93969
    1.00000    -0.15643    -0.95106     0.45399     0.80902    -0.70711    -0.58779     0.89101
    1.00000    -0.13917    -0.96126     0.40674     0.84805    -0.64279    -0.66913     0.82904
    1.00000    -0.12187    -0.97030     0.35837     0.88295    -0.57358    -0.74314     0.75471
    1.00000    -0.10453    -0.97815     0.30902     0.91355    -0.50000    -0.80902     0.66913
    1.00000    -0.08716    -0.98481     0.25882     0.93969    -0.42262    -0.86603     0.57358
    1.00000    -0.06976    -0.99027     0.20791     0.96126    -0.34202    -0.91355     0.46947
    1.00000    -0.05234    -0.99452     0.15643     0.97815    -0.25882    -0.95106     0.35837
    1.00000    -0.03490    -0.99756     0.10453     0.99027    -0.17365    -0.97815     0.24192
    1.00000    -0.01745    -0.99939     0.05234     0.99756    -0.08716    -0.99452     0.12187
    1.00000     0.00000    -1.00000    -0.00000     1.00000     0.00000    -1.00000    -0.00000
    1.00000     0.01745    -0.99939    -0.05234     0.99756     0.08716    -0.99452    -0.12187
    1.00000     0.03490    -0.99756    -0.10453     0.99027     0.17365    -0.97815    -0.24192
    1.00000     0.05234    -0.99452    -0.15643     0.97815     0.25882    -0.95106    -0.35837
    1.00000     0.06976    -0.99027    -0.20791     0.96126     0.34202    -0.91355    -0.46947
    1.00000     0.08716    -0.98481    -0.25882     0.93969     0.42262    -0.86603    -0.57358
    1.00000     0.10453    -0.97815    -0.30902     0.91355     0.50000    -0.80902    -0.66913
    1.00000     0.12187    -0.97030    -0.35837     0.88295     0.57358    -0.74314    -0.75471
    1.00000     0.13917    -0.96126    -0.40674     0.84805     0.64279    -0.66913    -0.82904
    1.00000     0.15643    -0.95106    -0.45399     0.80902     0.70711    -0.58779    -0.89101
    1.00000     0.17365    -0.93969    -0.50000     0.76604     0.76604    -0.50000    -0.93969
    1.00000     0.19081    -0.92718    -0.54464     0.71934     0.81915    -0.40674    -0.97437
    1.00000     0.20791    -0.91355    -0.58779     0.66913     0.86603    -0.30902    -0.99452
    1.00000     0.22495    -0.89879    -0.62932     0.61566     0.90631    -0.20791    -0.99985
    1.00000     0.24192    -0.88295    -0.66913     0.55919     0.93969    -0.10453    -0.99027
    1.00000     0.25882    -0.86603    -0.70711     0.50000     0.96593     0.00000    -0.96593
    1.00000     0.27564    -0.84805    -0.74314     0.43837     0.98481     0.10453    -0.92718
    1.00000     0.29237    -0.82904    -0.77715     0.37461     0.99619     0.20791    -0.87462
    1.00000     0.30902    -0.80902    -0.80902     0.30902     1.00000     0.30902    -0.80902
    1.00000     0.32557    -0.78801    -0.83867     0.24192     0.99619     0.40674    -0.73135
    1.00000     0.34202    -0.76604    -0.86603     0.17365     0.98481     0.50000    -0.64279
    1.00000     0.35837    -0.74314    -0.89101     0.10453     0.96593     0.58779    -0.54464
    1.00000     0.37461    -0.71934    -0.91355     0.03490     0.93969     0.66913    -0.43837
    1.00000     0.39073    -0.69466    -0.93358    -0.03490     0.90631     0.74314    -0.32557
    1.00000     0.40674    -0.66913    -0.95106    -0.10453     0.86603     0.80902    -0.20791
    1.00000     0.42262    -0.64279    -0.96593    -0.17365     0.81915     0.86603    -0.08716
    1.00000     0.43837    -0.61566    -0.97815    -0.24192     0.76604     0.91355     0.03490
    1.00000     0.45399    -0.58779    -0.98769    -0.30902     0.70711     0.95106     0.15643
    1.00000     0.46947    -0.55919    -0.99452    -0.37461     0.64279     0.97815     0.27564
    1.00000     0.48481    -0.52992    -0.99863    -0.43837     0.57358     0.99452     0.39073
    1.00000     0.50000    -0.50000    -1.00000    -0.50000     0.50000     1.00000     0.50000
    1.00000     0.51504    -0.46947    -0.99863    -0.55919     0.42262     0.99452     0.60182
    1.00000     0.52992    -0.43837    -0.99452    -0.61566     0.34202     0.97815     0.69466
    1.00000     0.54464    -0.40674    -0.98769    -0.66913     0.25882     0.95106     0.77715
    1.00000     0.55919    -0.37461    -0.97815    -0.71934     0.17365     0.91355     0.84805
    1.00000     0.57358    -0.34202    -0.96593    -0.76604     0.08716     0.86603     0.90631
    1.00000     0.58779    -0.30902    -0.95106    -0.80902    -0.00000     0.80902     0.95106
    1.00000     0.60182    -0.27564    -0.93358    -0.84805    -0.08716     0.74314     0.98163
    1.00000     0.61566    -0.24192    -0.91355    -0.88295    -0.17365     0.66913     0.99756
    1.00000     0.62932    -0.20791    -0.89101    -0.91355    -0.25882     0.58779     0.99863
    1.00000     0.64279    -0.17365    -0.86603    -0.93969    -0.34202     0.50000     0.98481
    1.00000     0.65606    -0.13917    -0.83867    -0.96126    -0.42262     0.40674     0.95630
    1.00000     0.66913    -0.10453    -0.80902    -0.97815    -0.50000     0.30902     0.91355
    1.00000     0.68200    -0.06976    -0.77715    -0.99027    -0.57358     0.20791     0.85717
    1.00000     0.69466    -0.03490    -0.74314    -0.99756    -0.64279     0.10453     0.78801
    1.00000     0.70711     0.00000    -0.70711    -1.00000    -0.70711    -0.00000     0.70711
    1.00000     0.71934     0.03490    -0.66913    -0.99756    -0.76604    -0.10453     0.61566
    1.00000     0.73135     0.06976    -0.62932    -0.99027    -0.81915    -0.20791     0.51504
    1.00000     0.74314     0.10453    -0.58779    -0.97815    -0.86603    -0.30902     0.40674
    1.00000     0.75471     0.13917    -0.54464    -0.96126    -0.90631    -0.40674     0.29237
    1.00000     0.76604     0.17365    -0.50000    -0.93969    -0.93969    -0.50000     0.17365
    1.00000     0.77715     0.20791    -0.45399    -0.91355    -0.96593    -0.58779     0.05234
    1.00000     0.78801     0.24192    -0.40674    -0.88295    -0.98481    -0.66913    -0.06976
    1.00000     0.79864     0.27564    -0.35837    -0.84805    -0.99619    -0.74314    -0.19081
    1.00000     0.80902     0.30902    -0.30902    -0.80902    -1.00000    -0.80902    -0.30902
    1.00000     0.81915     0.34202    -0.25882    -0.76604    -0.99619    -0.86603    -0.42262
    1.00000     0.82904     0.37461    -0.20791    -0.71934    -0.98481    -0.91355    -0.52992
    1.00000     0.83867     0.40674    -0.15643    -0.66913    -0.96593    -0.95106    -0.62932
    1.00000     0.84805     0.43837    -0.10453    -0.61566    -0.93969    -0.97815    -0.71934
    1.00000     0.85717     0.46947    -0.05234    -0.55919    -0.90631    -0.99452    -0.79864
    1.00000     0.86603     0.50000     0.00000    -0.50000    -0.86603    -1.00000    -0.86603
    1.00000     0.87462     0.52992     0.05234    -0.43837    -0.81915    -0.99452    -0.92050
    1.00000     0.88295     0.55919     0.10453    -0.37461    -0.76604    -0.97815    -0.96126
    1.00000     0.89101     0.58779     0.15643    -0.30902    -0.70711    -0.95106    -0.98769
    1.00000     0.89879     0.61566     0.20791    -0.24192    -0.64279    -0.91355    -0.99939
    1.00000     0.90631     0.64279     0.25882    -0.17365    -0.57358    -0.86603    -0.99619
    1.00000     0.91355     0.66913     0.30902    -0.10453    -0.50000    -0.80902    -0.97815
    1.00000     0.92050     0.69466     0.35837    -0.03490    -0.42262    -0.74314    -0.94552
    1.00000     0.92718     0.71934     0.40674     0.03490    -0.34202    -0.66913    -0.89879
    1.00000     0.93358     0.74314     0.45399     0.10453    -0.25882    -0.58779    -0.83867
    1.00000     0.93969     0.76604     0.50000     0.17365    -0.17365    -0.50000    -0.76604
    1.00000     0.94552     0.78801     0.54464     0.24192    -0.08716    -0.40674    -0.68200
    1.00000     0.95106     0.80902     0.58779     0.30902     0.00000    -0.30902    -0.58779
    1.00000     0.95630     0.82904     0.62932     0.37461     0.08716    -0.20791    -0.48481
    1.00000     0.96126     0.84805     0.66913     0.43837     0.17365    -0.10453    -0.37461
    1.00000     0.96593     0.86603     0.70711     0.50000     0.25882     0.00000    -0.25882
    1.00000     0.97030     0.88295     0.74314     0.55919     0.34202     0.10453    -0.13917
    1.00000     0.97437     0.89879     0.77715     0.61566     0.42262     0.20791    -0.01745
    1.00000     0.97815     0.91355     0.80902     0.66913     0.50000     0.30902     0.10453
    1.00000     0.98163     0.92718     0.83867     0.71934     0.57358     0.40674     0.22495
    1.00000     0.98481     0.93969     0.86603     0.76604     0.64279     0.50000     0.34202
    1.00000     0.98769     0.95106     0.89101     0.80902     0.70711     0.58779     0.45399
    1.00000     0.99027     0.96126     0.91355     0.84805     0.76604     0.66913     0.55919
    1.00000     0.99255     0.97030     0.93358     0.88295     0.81915     0.74314     0.65606
    1.00000     0.99452     0.97815     0.95106     0.91355     0.86603     0.80902     0.74314
    1.00000     0.99619     0.98481     0.96593     0.93969     0.90631     0.86603     0.81915
    1.00000     0.99756     0.99027     0.97815     0.96126     0.93969     0.91355     0.88295
    1.00000     0.99863     0.99452     0.98769     0.97815     0.96593     0.95106     0.93358
    1.00000     0.99939     0.99756     0.99452     0.99027     0.98481     0.97815     0.97030
    1.00000     0.99985     0.99939     0.99863     0.99756     0.99619     0.99452     0.99255
    1.00000     1.00000     1.00000     1.00000     1.00000     1.00000     1.00000     1.00000
    1.00000     0.99985     0.99939     0.99863     0.99756     0.99619     0.99452     0.99255
    1.00000     0.99939     0.99756     0.99452     0.99027     0.98481     0.97815     0.97030
    1.00000     0.99863     0.99452     0.98769     0.97815     0.96593     0.95106     0.93358
    1.00000     0.99756     0.99027     0.97815     0.96126     0.93969     0.91355     0.88295
    1.00000     0.99619     0.98481     0.96593     0.93969     0.90631     0.86603     0.81915
    1.00000     0.99452     0.97815     0.95106     0.91355     0.86603     0.80902     0.74314
    1.00000     0.99255     0.97030     0.93358     0.88295     0.81915     0.74314     0.65606
    1.00000     0.99027     0.96126     0.91355     0.84805     0.76604     0.66913     0.55919
    1.00000     0.98769     0.95106     0.89101     0.80902     0.70711     0.58779     0.45399
    1.00000     0.98481     0.93969     0.86603     0.76604     0.64279     0.50000     0.34202
    1.00000     0.98163     0.92718     0.83867     0.71934     0.57358     0.40674     0.22495
    1.00000     0.97815     0.91355     0.80902     0.66913     0.50000     0.30902     0.10453
    1.00000     0.97437     0.89879     0.77715     0.61566     0.42262     0.20791    -0.01745
    1.00000     0.97030     0.88295     0.74314     0.55919     0.34202     0.10453    -0.13917
    1.00000     0.96593     0.86603     0.70711     0.50000     0.25882     0.00000    -0.25882
    1.00000     0.96126     0.84805     0.66913     0.43837     0.17365    -0.10453    -0.37461
    1.00000     0.95630     0.82904     0.62932     0.37461     0.08716    -0.20791    -0.48481
    1.00000     0.95106     0.80902     0.58779     0.30902     0.00000    -0.30902    -0.58779
    1.00000     0.94552     0.78801     0.54464     0.24192    -0.08716    -0.40674    -0.68200
    1.00000     0.93969     0.76604     0.50000     0.17365    -0.17365    -0.50000    -0.76604
    1.00000     0.93358     0.74314     0.45399     0.10453    -0.25882    -0.58779    -0.83867
    1.00000     0.92718     0.71934     0.40674     0.03490    -0.34202    -0.66913    -0.89879
    1.00000     0.92050     0.69466     0.35837    -0.03490    -0.42262    -0.74314    -0.94552
    1.00000     0.91355     0.66913     0.30902    -0.10453    -0.50000    -0.80902    -0.97815
    1.00000     0.90631     0.64279     0.25882    -0.17365    -0.57358    -0.86603    -0.99619
    1.00000     0.89879     0.61566     0.20791    -0.24192    -0.64279    -0.91355    -0.99939
    1.00000     0.89101     0.58779     0.15643    -0.30902    -0.70711    -0.95106    -0.98769
    1.00000     0.88295     0.55919     0.10453    -0.37461    -0.76604    -0.97815    -0.96126
    1.00000     0.87462     0.52992     0.05234    -0.43837    -0.81915    -0.99452    -0.92050
    1.00000     0.86603     0.50000     0.00000    -0.50000    -0.86603    -1.00000    -0.86603
    1.00000     0.85717     0.46947    -0.05234    -0.55919    -0.90631    -0.99452    -0.79864
    1.00000     0.84805     0.43837    -0.10453    -0.61566    -0.93969    -0.97815    -0.71934
    1.00000     0.83867     0.40674    -0.15643    -0.66913    -0.96593    -0.95106    -0.62932
    1.00000     0.82904     0.37461    -0.20791    -0.71934    -0.98481    -0.91355    -0.52992
    1.00000     0.81915     0.34202    -0.25882    -0.76604    -0.99619    -0.86603    -0.42262
    1.00000     0.80902     0.30902    -0.30902    -0.80902    -1.00000    -0.80902    -0.30902
    1.00000     0.79864     0.27564    -0.35837    -0.84805    -0.99619    -0.74314    -0.19081
    1.00000     0.78801     0.24192    -0.40674    -0.88295    -0.98481    -0.66913    -0.06976
    1.00000     0.77715     0.20791    -0.45399    -0.91355    -0.96593    -0.58779     0.05234
    1.00000     0.76604     0.17365    -0.50000    -0.93969    -0.93969    -0.50000     0.17365
    1.00000     0.75471     0.13917    -0.54464    -0.96126    -0.90631    -0.40674     0.29237
    1.00000     0.74314     0.10453    -0.58779    -0.97815    -0.86603    -0.30902     0.40674
    1.00000     0.73135     0.06976    -0.62932    -0.99027    -0.81915    -0.20791     0.51504
    1.00000     0.71934     0.03490    -0.66913    -0.99756    -0.76604    -0.10453     0.61566
    1.00000     0.70711     0.00000    -0.70711    -1.00000    -0.70711    -0.00000     0.70711
    1.00000     0.69466    -0.03490    -0.74314    -0.99756    -0.64279     0.10453     0.78801
    1.00000     0.68200    -0.06976    -0.77715    -0.99027    -0.57358     0.20791     0.85717
    1.00000     0.66913    -0.10453    -0.80902    -0.97815    -0.50000     0.30902     0.91355
    1.00000     0.65606    -0.13917    -0.83867    -0.96126    -0.42262     0.40674     0.95630
    1.00000     0.64279    -0.17365    -0.86603    -0.93969    -0.34202     0.50000     0.98481
    1.00000     0.62932    -0.20791    -0.89101    -0.91355    -0.25882     0.58779     0.99863
    1.00000     0.61566    -0.24192    -0.91355    -0.88295    -0.17365     0.66913     0.99756
    1.00000     0.60182    -0.27564    -0.93358    -0.84805    -0.08716     0.74314     0.98163
    1.00000     0.58779    -0.30902    -0.95106    -0.80902    -0.00000     0.80902     0.95106
    1.00000     0.57358    -0.34202    -0.96593    -0.76604     0.08716     0.86603     0.90631
    1.00000     0.55919    -0.37461    -0.97815    -0.71934     0.17365     0.91355     0.84805
    1.00000     0.54464    -0.40674    -0.98769    -0.66913     0.25882     0.95106     0.77715
    1.00000     0.52992    -0.43837    -0.99452    -0.61566     0.34202     0.97815     0.69466
    1.00000     0.51504    -0.46947    -0.99863    -0.55919     0.42262     0.99452     0.60182
    1.00000     0.50000    -0.50000    -1.00000    -0.50000     0.50000     1.00000     0.50000
    1.00000     0.48481    -0.52992    -0.99863    -0.43837     0.57358     0.99452     0.39073
    1.00000     0.46947    -0.55919    -0.99452    -0.37461     0.64279     0.97815     0.27564
    1.00000     0.45399    -0.58779    -0.98769    -0.30902     0.70711     0.95106     0.15643
    1.00000     0.43837    -0.61566    -0.97815    -0.24192     0.76604     0.91355     0.03490
    1.00000     0.42262    -0.64279    -0.96593    -0.17365     0.81915     0.86603    -0.08716
    1.00000     0.40674    -0.66913    -0.95106    -0.10453     0.86603     0.80902    -0.20791
    1.00000     0.39073    -0.69466    -0.93358    -0.03490     0.90631     0.74314    -0.32557
    1.00000     0.37461    -0.71934    -0.91355     0.03490     0.93969     0.66913    -0.43837
    1.00000     0.35837    -0.74314    -0.89101     0.10453     0.96593     0.58779    -0.54464
    1.00000     0.34202    -0.76604    -0.86603     0.17365     0.98481     0.50000    -0.64279
    1.00000     0.32557    -0.78801    -0.83867     0.24192     0.99619     0.40674    -0.73135
    1.00000     0.30902    -0.80902    -0.80902     0.30902     1.00000     0.30902    -0.80902
    1.00000     0.29237    -0.82904    -0.77715     0.37461     0.99619     0.20791    -0.87462
    1.00000     0.27564    -0.84805    -0.74314     0.43837     0.98481     0.10453    -0.92718
    1.00000     0.25882    -0.86603    -0.70711     0.50000     0.96593     0.00000    -0.96593
    1.00000     0.24192    -0.88295    -0.66913     0.55919     0.93969    -0.10453    -0.99027
    1.00000     0.22495    -0.89879    -0.62932     0.61566     0.90631    -0.20791    -0.99985
    1.00000     0.20791    -0.91355    -0.58779     0.66913     0.86603    -0.30902    -0.99452
    1.00000     0.19081    -0.92718    -0.54464     0.71934     0.81915    -0.40674    -0.97437
    1.00000     0.17365    -0.93969    -0.50000     0.76604     0.76604    -0.50000    -0.93969
    1.00000     0.15643    -0.95106    -0.45399     0.80902     0.70711    -0.58779    -0.89101
    1.00000     0.13917    -0.96126    -0.40674     0.84805     0.64279    -0.66913    -0.82904
    1.00000     0.12187    -0.97030    -0.35837     0.88295     0.57358    -0.74314    -0.75471
    1.00000     0.10453    -0.97815    -0.30902     0.91355     0.50000    -0.80902    -0.66913
    1.00000     0.08716    -0.98481    -0.25882     0.93969     0.42262    -0.86603    -0.57358
    1.00000     0.06976    -0.99027    -0.20791     0.96126     0.34202    -0.91355    -0.46947
    1.00000     0.05234    -0.99452    -0.15643     0.97815     0.25882    -0.95106    -0.35837
    1.00000     0.03490    -0.99756    -0.10453     0.99027     0.17365    -0.97815    -0.24192
    1.00000     0.01745    -0.99939    -0.05234     0.99756     0.08716    -0.99452    -0.12187
    1.00000     0.00000    -1.00000    -0.00000     1.00000     0.00000    -1.00000    -0.00000
    1.00000    -0.01745    -0.99939     0.05234     0.99756    -0.08716    -0.99452     0.12187
    1.00000    -0.03490    -0.99756     0.10453     0.99027    -0.17365    -0.97815     0.24192
    1.00000    -0.05234    -0.99452     0.15643     0.97815    -0.25882    -0.95106     0.35837
    1.00000    -0.06976    -0.99027     0.20791     0.96126    -0.34202    -0.91355     0.46947
    1.00000    -0.08716    -0.98481     0.25882     0.93969    -0.42262    -0.86603     0.57358
    1.00000    -0.10453    -0.97815     0.30902     0.91355    -0.50000    -0.80902     0.66913
    1.00000    -0.12187    -0.97030     0.35837     0.88295    -0.57358    -0.74314     0.75471
    1.00000    -0.13917    -0.96126     0.40674     0.84805    -0.64279    -0.66913     0.82904
    1.00000    -0.15643    -0.95106     0.45399     0.80902    -0.70711    -0.58779     0.89101
    1.00000    -0.17365    -0.93969     0.50000     0.76604    -0.76604    -0.50000     0.93969
    1.00000    -0.19081    -0.92718     0.54464     0.71934    -0.81915    -0.40674     0.97437
    1.00000    -0.20791    -0.91355     0.58779     0.66913    -0.86603    -0.30902     0.99452
    1.00000    -0.22495    -0.89879     0.62932     0.61566    -0.90631    -0.20791     0.99985
    1.00000    -0.24192    -0.88295     0.66913     0.55919    -0.93969    -0.10453     0.99027
    1.00000    -0.25882    -0.86603     0.70711     0.50000    -0.96593     0.00000     0.96593
    1.00000    -0.27564    -0.84805     0.74314     0.43837    -0.98481     0.10453     0.92718
    1.00000    -0.29237    -0.82904     0.77715     0.37461    -0.99619     0.20791     0.87462
    1.00000    -0.30902    -0.80902     0.80902     0.30902    -1.00000     0.30902     0.80902
    1.00000    -0.32557    -0.78801     0.83867     0.24192    -0.99619     0.40674     0.73135
    1.00000    -0.34202    -0.76604     0.86603     0.17365    -0.98481     0.50000     0.64279
    1.00000    -0.35837    -0.74314     0.89101     0.10453    -0.96593     0.58779     0.54464
    1.00000    -0.37461    -0.71934     0.91355     0.03490    -0.93969     0.66913     0.43837
    1.00000    -0.39073    -0.69466     0.93358    -0.03490    -0.90631     0.74314     0.32557
    1.00000    -0.40674    -0.66913     0.95106    -0.10453    -0.86603     0.80902     0.20791
    1.00000    -0.42262    -0.64279     0.96593    -0.17365    -0.81915     0.86603     0.08716
    1.00000    -0.43837    -0.61566     0.97815    -0.24192    -0.76604     0.91355    -0.03490
    1.00000    -0.45399    -0.58779     0.98769    -0.30902    -0.70711     0.95106    -0.15643
    1.00000    -0.46947    -0.55919     0.99452    -0.37461    -0.64279     0.97815    -0.27564
    1.00000    -0.48481    -0.52992     0.99863    -0.43837    -0.57358     0.99452    -0.39073
    1.00000    -0.50000    -0.50000     1.00000    -0.50000    -0.50000     1.00000    -0.50000
    1.00000    -0.51504    -0.46947     0.99863    -0.55919    -0.42262     0.99452    -0.60182
    1.00000    -0.52992    -0.43837     0.99452    -0.61566    -0.34202     0.97815    -0.69466
    1.00000    -0.54464    -0.40674     0.98769    -0.66913    -0.25882     0.95106    -0.77715
    1.00000    -0.55919    -0.37461     0.97815    -0.71934    -0.17365     0.91355    -0.84805
    1.00000    -0.57358    -0.34202     0.96593    -0.76604    -0.08716     0.86603    -0.90631
    1.00000    -0.58779    -0.30902     0.95106    -0.80902    -0.00000     0.80902    -0.95106
    1.00000    -0.60182    -0.27564     0.93358    -0.84805     0.08716     0.74314    -0.98163
    1.00000    -0.61566    -0.24192     0.91355    -0.88295     0.17365     0.66913    -0.99756
    1.00000    -0.62932    -0.20791     0.89101    -0.91355     0.25882     0.58779    -0.99863
    1.00000    -0.64279    -0.17365     0.86603    -0.93969     0.34202     0.50000    -0.98481
    1.00000    -0.65606    -0.13917     0.83867    -0.96126     0.42262     0.40674    -0.95630
    1.00000    -0.66913    -0.10453     0.80902    -0.97815     0.50000     0.30902    -0.91355
    1.00000    -0.68200    -0.06976     0.77715    -0.99027     0.57358     0.20791    -0.85717
    1.00000    -0.69466    -0.03490     0.74314    -0.99756     0.64279     0.10453    -0.78801
    1.00000    -0.70711    -0.00000     0.70711    -1.00000     0.70711     0.00000    -0.70711
    1.00000    -0.71934     0.03490     0.66913    -0.99756     0.76604    -0.10453    -0.61566
    1.00000    -0.73135     0.06976     0.62932    -0.99027     0.81915    -0.20791    -0.51504
    1.00000    -0.74314     0.10453     0.58779    -0.97815     0.86603    -0.30902    -0.40674
    1.00000    -0.75471     0.13917     0.54464    -0.96126     0.90631    -0.40674    -0.29237
    1.00000    -0.76604     0.17365     0.50000    -0.93969     0.93969    -0.50000    -0.17365
    1.00000    -0.77715     0.20791     0.45399    -0.91355     0.96593    -0.58779    -0.05234
    1.00000    -0.78801     0.24192     0.40674    -0.88295     0.98481    -0.66913     0.06976
    1.00000    -0.79864     0.27564     0.35837    -0.84805     0.99619    -0.74314     0.19081
    1.00000    -0.80902     0.30902     0.30902    -0.80902     1.00000    -0.80902     0.30902
    1.00000    -0.81915     0.34202     0.25882    -0.76604     0.99619    -0.86603     0.42262
    1.00000    -0.82904     0.37461     0.20791    -0.71934     0.98481    -0.91355     0.52992
    1.00000    -0.83867     0.40674     0.15643    -0.66913     0.96593    -0.95106     0.62932
    1.00000    -0.84805     0.43837     0.10453    -0.61566     0.93969    -0.97815     0.71934
    1.00000    -0.85717     0.46947     0.05234    -0.55919     0.90631    -0.99452     0.79864
    1.00000    -0.86603     0.50000     0.00000    -0.50000     0.86603    -1.00000     0.86603
    1.00000    -0.87462     0.52992    -0.05234    -0.43837     0.81915    -0.99452     0.92050
    1.00000    -0.88295     0.55919    -0.10453    -0.37461     0.76604    -0.97815     0.96126
    1.00000    -0.89101     0.58779    -0.15643    -0.30902     0.70711    -0.95106     0.98769
    1.00000    -0.89879     0.61566    -0.20791    -0.24192     0.64279    -0.91355     0.99939
    1.00000    -0.90631     0.64279    -0.25882    -0.17365     0.57358    -0.86603     0.99619
    1.00000    -0.91355     0.66913    -0.30902    -0.10453     0.50000    -0.80902     0.97815
    1.00000    -0.92050     0.69466    -0.35837    -0.03490     0.42262    -0.74314     0.94552
    1.00000    -0.92718     0.71934    -0.40674     0.03490     0.34202    -0.66913     0.89879
    1.00000    -0.93358     0.74314    -0.45399     0.10453     0.25882    -0.58779     0.83867
    1.00000    -0.93969     0.76604    -0.50000     0.17365     0.17365    -0.50000     0.76604
    1.00000    -0.94552     0.78801    -0.54464     0.24192     0.08716    -0.40674     0.68200
    1.00000    -0.95106     0.80902    -0.58779     0.30902     0.00000    -0.30902     0.58779
    1.00000    -0.95630     0.82904    -0.62932     0.37461    -0.08716    -0.20791     0.48481
    1.00000    -0.96126     0.84805    -0.66913     0.43837    -0.17365    -0.10453     0.37461
    1.00000    -0.96593     0.86603    -0.70711     0.50000    -0.25882    -0.00000     0.25882
    1.00000    -0.97030     0.88295    -0.74314     0.55919    -0.34202     0.10453     0.13917
    1.00000    -0.97437     0.89879    -0.77715     0.61566    -0.42262     0.20791     0.01745
    1.00000    -0.97815     0.91355    -0.80902     0.66913    -0.50000     0.30902    -0.10453
    1.00000    -0.98163     0.92718    -0.83867     0.71934    -0.57358     0.40674    -0.22495
    1.00000    -0.98481     0.93969    -0.86603     0.76604    -0.64279     0.50000    -0.34202
    1.00000    -0.98769     0.95106    -0.89101     0.80902    -0.70711     0.58779    -0.45399
    1.00000    -0.99027     0.96126    -0.91355     0.84805    -0.76604     0.66913    -0.55919
    1.00000    -0.99255     0.97030    -0.93358     0.88295    -0.81915     0.74314    -0.65606
    1.00000    -0.99452     0.97815    -0.95106     0.91355    -0.86603     0.80902    -0.74314
    1.00000    -0.99619     0.98481    -0.96593     0.93969    -0.90631     0.86603    -0.81915
    1.00000    -0.99756     0.99027    -0.97815     0.96126    -0.93969     0.91355    -0.88295
    1.00000    -0.99863     0.99452    -0.98769     0.97815    -0.96593     0.95106    -0.93358
    1.00000    -0.99939     0.99756    -0.99452     0.99027    -0.98481     0.97815    -0.97030
    1.00000    -0.99985     0.99939    -0.99863     0.99756    -0.99619     0.99452    -0.99255
    1.00000    -1.00000     1.00000    -1.00000     1.00000    -1.00000     1.00000    -1.00000
